ID               n_contigs  total_bp  N50     GC_pct  n_lt500  bp_lt500  bp_cov_lt5  median_cov
V-01             283        2140658   83232   39.78   235      47618     27196       314.1
V-02             291        2103620   65251   39.88   235      52396     37008       256.1
V-03             508        2257761   56350   39.92   438      89306     56640       244.0
V-04             502        2134683   103315  40.54   461      109761    94971       391.9
V-05             231        2067209   117327  39.94   193      42113     28303       281.4
V-06             342        2146402   127549  40.18   308      72910     60871       263.2
V-07             232        2120686   122144  39.91   199      45895     35801       285.7
V-08             381        2222790   80941   40.06   330      77039     62934       243.1
V-09             282        2159534   120355  39.92   250      56257     43486       285.0
V-10             446        2281342   72845   40.07   390      92425     71024       355.9
V-11             279        2026512   78707   40.13   244      56558     42106       269.7
V-12             452        2130911   97863   40.43   406      98827     81875       603.4
V-13             229        2095045   155500  39.93   199      47687     37968       535.0
V-14             219        2065723   65255   39.82   171      34824     14900       434.7
V-15             430        2117604   65274   40.29   382      87019     63658       382.8
V-16             263        2147796   66772   39.73   206      42495     22072       309.7
V-17             259        2065406   68460   40.07   209      46974     32722       289.6
V-18             235        2070683   66162   39.86   189      39037     20856       338.7
V-19             216        2052176   76730   39.90   173      35238     17981       456.0
V-20             423        2225410   75949   40.09   367      77831     49152       274.8
V-21             235        2068812   95205   39.83   190      38359     18680       445.0
V-22             363        2170546   95502   40.13   318      72181     55111       446.6
V-23             256        2073661   66282   39.87   208      44196     23475       459.4
V-24             343        2096191   66245   40.02   292      64326     45060       304.3
V-25             243        2073778   71267   39.85   195      42599     23993       470.5
V-26             196        2151469   79250   39.69   145      27968     12743       332.0
V-27             434        2152503   58518   40.20   375      85394     62229       308.4
V-28             245        2072011   71282   39.87   198      42299     22101       424.8
V-29             395        2194363   110039  40.07   363      85105     63168       372.4
V-30             336        2242595   69871   39.82   281      57379     28610       390.3
V-31             227        2141300   107606  39.75   184      39021     24388       432.0
V-32             172        2106728   121968  39.73   138      31743     22743       397.0
V-33             304        2203279   132126  39.99   262      60113     45827       419.5
V-34             445        2252580   56437   39.63   383      82478     58154       476.5
V-35             168        2170079   121968  39.68   129      27469     13001       350.1
V-36             1276       4291346   18428   39.61   769      171436    37811       55.6
V-37             381        2146546   56069   40.14   324      73033     53039       445.0
V-38             248        2075209   87305   39.83   205      40992     23873       495.0
V-39             202        2131033   120938  39.65   169      37627     27055       428.7
V-40             280        2082413   66245   39.78   228      47805     29171       443.8
V-41             292        2074894   94706   39.97   245      50972     28794       358.9
V-42             350        2122772   86054   40.11   305      72687     60329       478.9
V-43             362        2140534   66245   40.15   310      70093     47725       428.5
V-44             469        2192822   73908   39.97   412      102403    92016       532.0
V-45             354        2202151   89072   39.97   314      75728     66146       560.9
V-46             558        2156682   58792   40.60   502      121365    104766      552.4
V-47             378        2264120   76641   40.01   331      78245     64599       388.6
V-48             4243       5484002   2141    43.71   1780     594862    3372271     2.6
V-49             396        2088243   68452   40.23   347      83261     68737       472.1
V-50             296        2146711   86695   39.70   251      52284     32708       378.4
TRAIN_3          136        2048781   145467  39.60   107      18229     1771        291.3
TRAIN_5          304        2197655   71409   39.54   254      47831     22908       252.8
TRAIN_6          190        2174658   71409   39.50   144      24010     3617        247.6
TRAIN_7          166        2132432   110861  39.45   128      20799     2922        272.7
TRAIN_8          131        2049597   194909  39.60   100      18209     3516        262.7
TRAIN_9          188        2116479   86172   39.57   137      26670     6299        267.3
TRAIN_11         92         2126750   291476  39.58   63       12373     4363        249.5
TRAIN_12         155        2104247   115621  39.47   109      18261     1723        266.3
TRAIN_15         200        2134422   97874   39.54   152      27261     6642        271.5
TRAIN_16         434        2183828   64026   39.54   378      81311     62940       283.0
TRAIN_19         156        2054566   76730   39.71   108      19806     4403        294.3
TRAIN_44         340        2106359   74255   39.86   291      67692     54637       299.6
TRAIN_46         253        2125057   63287   39.73   200      45799     34468       326.0
TRAIN_48         304        2085530   68519   39.73   250      58334     49447       278.7
TRAIN_49         223        2124878   94146   39.51   177      28984     4468        315.1
TRAIN_50         350        2158837   91528   39.78   301      61006     37025       277.4
TRAIN_51         216        2064428   62253   39.70   160      30455     13280       363.3
TRAIN_52         492        2230267   89739   39.34   349      90248     164834      281.4
TRAIN_53         1092       2436654   97873   38.78   985      288021    314834      290.4
TRAIN_55         221        2087726   138505  39.68   176      35830     18992       342.4
TRAIN_56         238        2185509   86634   39.54   188      44317     33705       299.0
TRAIN_57         319        2258680   74020   39.54   260      57179     39387       281.3
TRAIN_59         156        2056901   74434   39.73   108      20170     8385        294.2
TRAIN_60         210        2083894   61792   39.73   156      29735     10447       291.7
TRAIN_61         165        2116580   87875   39.59   120      22299     5130        346.3
TRAIN_62         109        2091777   196728  39.51   79       14222     4512        294.7
TRAIN_64         216        2135593   98295   39.47   174      29628     8598        338.2
TRAIN_65         175        2204293   78702   39.47   118      22391     4479        246.4
TRAIN_66         119        2110383   96908   39.57   84       14070     4446        305.7
TRAIN_67         158        2043028   61571   39.75   109      20533     2745        252.2
TRAIN_68         231        2062299   57405   39.78   175      35101     20766       334.3
TRAIN_69         202        2055118   87342   39.71   153      28617     9989        338.7
TRAIN_70         240        2233528   66224   39.54   177      29201     2514        258.9
TRAIN_71         121        2092342   116502  39.50   85       14747     5153        345.7
TRAIN_72         157        2055291   74434   39.70   108      19901     6668        319.5
TRAIN_75         195        2095389   97873   39.51   151      25757     5708        287.3
TRAIN_76         204        2126188   91528   39.53   161      28174     8499        289.9
TRAIN_77         208        2067771   74932   39.73   156      32413     16383       311.0
TRAIN_78         195        2056279   71804   39.71   146      25999     3482        312.1
TRAIN_79         333        2072843   74932   39.75   277      62057     47902       300.4
TRAIN_80         159        2076268   74930   39.67   114      20391     5941        288.7
TRAIN_81         264        2149411   81676   39.47   212      43230     22469       288.7
TRAIN_82         152        2045928   74932   39.78   105      20785     6659        281.9
TRAIN_83         179        2097277   114647  39.50   136      25386     9065        310.5
TRAIN_84         73         2050787   149369  39.54   49       10184     4645        361.2
TRAIN_86         252        2065774   71048   39.78   194      39272     23661       282.0
TRAIN_87         193        2096187   58884   39.56   128      28913     17715       287.2
TRAIN_88         212        2061583   58969   39.71   157      28267     10569       317.9
TRAIN_89         244        2067212   58852   39.73   186      35733     16508       289.0
TRAIN_90         110        2048922   136319  39.61   82       13914     2921        315.6
TRAIN_91         112        2048310   158229  39.59   86       15575     2820        276.9
TRAIN_92         211        2091284   100936  39.56   166      31706     14427       282.7
TRAIN_93         244        2234880   117438  39.62   201      44667     33906       292.3
TRAIN_94         590        2324994   101879  39.71   543      132481    123089      347.1
TRAIN_95         169        2211014   129283  39.58   134      26638     10961       273.1
TRAIN_96         165        2055805   125999  39.65   134      26369     8665        252.1
TRAIN_97         193        2089294   88660   39.72   147      31752     20367       293.0
TRAIN_98         210        2156789   149346  39.64   175      39421     31194       276.7
TRAIN_99         225        2181177   76730   39.51   173      33148     12505       276.7
TRAIN_100        711        2286705   114635  39.81   568      150583    244058      230.3
TRAIN_101        86         2071069   157990  39.59   57       10356     3429        250.1
TRAIN_103        164        2104667   65091   39.51   113      21042     4238        280.6
TRAIN_104        405        2180136   65714   39.82   337      67883     41224       228.3
TRAIN_105        333        2195580   69155   39.79   277      57315     35886       219.0
TRAIN_106        548        2164613   97902   39.65   497      122856    117145      275.3
TRAIN_107        252        2149616   76659   39.83   202      42496     25334       261.2
TRAIN_108        181        2098609   114606  39.54   140      25645     9129        320.8
TRAIN_109        235        2182412   81846   39.53   185      42522     32049       256.2
TRAIN_111        160        2051345   189944  39.61   128      23326     5882        279.3
TRAIN_112        194        2084166   85128   39.61   148      32980     22896       302.4
TRAIN_113        147        2143200   119226  39.50   104      19209     3497        233.6
TRAIN_116        393        2260200   161335  39.38   271      72548     145449      285.1
TRAIN_117        316        2087631   66240   39.76   261      55838     36970       272.3
TRAIN_118        91         2027011   159299  39.71   68       13580     4139        277.4
TRAIN_120        241        2059144   67825   39.78   188      38724     23122       229.3
TRAIN_121        444        2194398   79504   39.78   397      86688     71408       392.7
TRAIN_122        200        2124473   92539   39.62   150      28039     10865       274.3
TRAIN_123        193        2171258   126014  39.68   156      32017     14780       273.0
TRAIN_124        306        2139682   76845   39.66   250      52972     38322       242.1
TRAIN_125        268        2071037   68055   39.80   216      47610     34907       271.1
TRAIN_127        328        2196762   71409   39.53   271      57181     40791       263.7
TRAIN_128        251        2065733   65195   39.81   201      43253     31270       264.6
TRAIN_129        183        2058092   68070   39.71   131      23616     7392        271.1
TRAIN_131        294        2238834   96422   39.73   255      52907     28718       356.3
TRAIN_132        199        2172516   94675   39.62   147      29897     19046       236.4
TRAIN_134        189        2080168   68359   39.70   137      25880     9874        249.3
TRAIN_135        145        2069903   121437  39.64   112      21358     7710        229.2
TRAIN_136        211        2155293   86634   39.54   163      35876     25375       249.7
TRAIN_137        221        2140035   91510   39.59   178      29967     5624        245.2
TRAIN_138        164        2196135   82046   39.43   115      23114     5891        236.4
TRAIN_139        212        2114292   65754   39.56   156      33031     18434       257.3
TRAIN_141        152        2061764   112564  39.60   119      23513     4442        263.4
TRAIN_142        196        2120448   96248   39.52   148      30328     14485       332.3
TRAIN_143        172        2058989   74932   39.70   121      22869     7771        304.6
TRAIN_144        177        2126423   132534  39.65   133      28534     19765       358.3
TRAIN_145        130        2114081   132534  39.61   96       18476     7771        380.7
TRAIN_146        586        2189338   75147   39.82   529      120771    105286      347.6
TRAIN_147        339        2180126   114945  39.64   293      64829     46033       355.4
TRAIN_148        447        2272694   76730   39.61   388      90779     71275       263.2
TRAIN_149        183        2063563   77561   39.70   131      22727     5764        380.7
TRAIN_150        205        2136928   85257   39.48   156      26333     7233        258.0
TRAIN_151        209        2107143   114744  39.55   160      34907     22830       275.5
TRAIN_152        201        2054918   58908   39.69   149      24370     1790        294.3
TRAIN_153        128        2129665   130172  39.59   93       18921     7936        236.8
TRAIN_154        2008       2750657   5768    39.16   1314     293570    1913        226.4
TRAIN_155        111        2105870   129055  39.49   77       14047     3679        228.0
TRAIN_158        94         2034622   143824  39.63   63       12501     2698        284.8
TRAIN_159        181        2155363   95968   39.75   134      25215     9311        264.1
TRAIN_160        288        2149399   65714   39.74   221      40098     12568       283.1
TRAIN_162        150        2056414   67427   39.71   103      18711     4507        285.7
TRAIN_163        105        1999210   119057  39.79   64       11804     2681        323.8
TRAIN_164        107        1997245   77289   39.79   63       11103     791         298.5
TRAIN_165        164        2091234   114946  39.51   117      18819     617         226.3
TRAIN_167        189        2118051   73349   39.59   138      29417     14285       235.4
TRAIN_168        160        2095049   122099  39.63   120      24940     16277       223.6
TRAIN_169        137        2086328   64450   39.52   82       16639     5842        299.5
TRAIN_170        171        2094742   105842  39.50   130      20673     1719        283.8
TRAIN_172        476        2362511   48661   39.26   318      74303     158166      262.5
TRAIN_173        113        2113626   112583  39.60   71       11418     847         293.4
TRAIN_174        156        2092066   76679   39.71   106      19194     2807        239.5
TRAIN_175        116        2044863   124018  39.65   86       15350     4458        395.5
TRAIN_176        166        2146830   149346  39.56   128      29937     22352       312.1
TRAIN_177        153        2070761   79975   39.67   108      18350     1732        322.8
TRAIN_178        213        2159986   65301   39.71   160      25506     1155        251.1
TRAIN_180        155        2157610   107179  39.68   107      20373     3128        229.4
TRAIN_184        172        2132839   91950   39.53   124      20813     2922        331.3
TRAIN_185        174        2134262   114684  39.51   129      21498     5223        218.8
TRAIN_186        321        2235118   76730   39.57   251      52393     23932       213.1
TRAIN_187        209        2168923   134701  39.57   162      32206     18401       216.0
TRAIN_188        222        2063775   64570   39.70   172      31832     11027       293.3
TRAIN_189        186        2088645   106636  39.65   154      25481     2164        288.1
TRAIN_192        163        2147420   82691   39.64   114      20556     5288        275.2
TRAIN_193        209        2265086   48463   39.37   130      19543     1282        210.3
TRAIN_195        167        2055795   68403   39.69   118      19348     4490        304.8
TRAIN_196        156        2070959   107812  39.66   125      21253     1499        294.8
TRAIN_197        237        2185767   74019   39.63   188      40469     26234       244.9
TRAIN_198        173        2048442   71333   39.76   126      23754     7650        311.9
TRAIN_199        144        2052139   139817  39.62   115      21467     5499        294.3
TRAIN_200        412        2203223   97873   39.74   362      85444     76562       327.9
TRAIN_201        167        2089355   132126  39.61   137      29217     18201       333.2
TRAIN_202        166        2092320   115963  39.51   125      21279     4727        276.2
TRAIN_203        166        2096535   63280   39.73   119      23691     5168        300.8
TRAIN_204        197        2092937   64360   39.51   139      25121     3724        265.0
TRAIN_205        299        2255199   76730   39.43   250      54644     34640       260.0
TRAIN_206        127        2134911   149348  39.61   92       19022     9378        270.2
TRAIN_209        162        2096382   123708  39.58   123      22421     7072        245.5
TRAIN_210        139        2067968   86140   39.59   96       18468     5247        279.3
TRAIN_211        177        2118231   92814   39.60   131      22845     5768        311.1
TRAIN_213        204        2105424   103256  39.63   163      32793     15582       285.5
TRAIN_214        138        2094015   218693  39.66   122      18426     4244        286.3
TRAIN_216        162        2095961   114609  39.57   121      23932     9569        283.3
TRAIN_217        206        2153691   149349  39.69   175      40366     29976       324.6
TRAIN_221        204        2064516   94706   39.73   159      31021     13659       260.2
TRAIN_223        158        2097963   116050  39.54   117      23228     10354       245.3
TRAIN_224        185        2096873   114868  39.56   142      24257     4699        286.5
TRAIN_225        151        2070373   115979  39.74   117      21350     5219        288.9
TRAIN_226        196        2063591   68441   39.79   149      27760     8856        277.2
TRAIN_228        216        2084774   58892   39.71   159      28990     7333        278.9
TRAIN_229        186        2101688   89856   39.77   139      26353     9818        311.9
TRAIN_232        125        2043064   161572  39.70   96       17210     5541        252.2
TRAIN_234        144        2080292   138715  39.65   116      23105     9834        306.5
TRAIN_235        248        2064705   59095   39.76   190      36829     14550       260.3
TRAIN_236        262        2179090   63885   39.61   207      32912     5182        243.8
TRAIN_237        275        2186509   65335   39.68   219      38644     13823       233.2
TRAIN_238        116        2130774   132126  39.58   84       14748     2093        245.1
TRAIN_242        183        2058369   57413   39.78   129      24175     6819        299.2
TRAIN_243        194        2108772   87273   39.62   146      28533     8738        251.5
TRAIN_245        274        2175684   97873   39.75   222      48399     32457       354.0
TRAIN_246        259        2079665   145438  39.93   228      49815     31983       328.4
TRAIN_247        80         2108610   126245  39.50   53       10940     5265        287.0
TRAIN_251        209        2120850   63807   39.51   157      28758     6841        296.5
TRAIN_252        748        2274035   65405   39.54   686      168782    160885      313.3
TRAIN_253        186        2089327   60246   39.50   125      22710     1760        276.7
TRAIN_254        162        2064929   85164   39.73   122      25094     12432       299.0
TRAIN_259        194        2111492   66245   39.68   146      24990     4187        212.2
TRAIN_260        156        2057088   94245   39.70   113      20230     5451        233.4
TRAIN_261        151        2053149   78978   39.70   110      18786     3149        224.2
TRAIN_263        237        2128535   70699   39.54   184      30246     5523        217.4
TRAIN_264        221        2126740   73503   39.56   168      27936     4576        236.5
TRAIN_265        170        2135878   76406   39.72   120      19765     1407        161.7
TRAIN_266        167        2092452   114684  39.51   123      21224     3145        184.5
TRAIN_269        152        2160531   64278   39.42   98       16222     849         199.8
TRAIN_270        197        2098433   66245   39.70   147      25523     5112        228.2
TRAIN_271        280        2227368   79466   39.62   230      46871     27092       245.4
TRAIN_272        171        2161149   64787   39.42   118      20456     2461        213.9
TRAIN_273        149        2135362   96382   39.56   104      18591     2351        210.0
TRAIN_275        129        2127628   80563   39.49   88       16411     5649        208.9
TRAIN_277        201        2055079   66282   39.70   147      27191     6075        219.7
TRAIN_280        225        2091534   67878   39.79   176      34427     18897       196.8
TRAIN_281        227        2150228   70690   39.73   170      30880     7835        225.9
TRAIN_284        148        2100780   114546  39.53   107      21149     9143        225.6
TRAIN_286        204        2059095   71958   39.78   153      25983     6352        183.9
TRAIN_287        145        2133487   119638  39.54   104      19711     6314        205.6
TRAIN_288        140        2064642   86130   39.58   96       17849     4102        253.1
TRAIN_289        235        2112832   70653   39.74   179      30831     10532       250.8
TRAIN_292        171        2096305   65255   39.71   124      21027     4246        313.0
TRAIN_299        211        2069638   137041  39.75   179      30148     8520        265.8
TRAIN_300        300        2140289   121009  39.92   253      57221     44957       237.6
TRAIN_301        258        2080112   124387  39.85   221      53869     46021       275.4
TRAIN_302        178        2135726   97783   39.57   134      26536     8311        313.1
TRAIN_304        292        2164291   92910   39.75   232      51723     34058       331.5
TRAIN_306        273        2086867   74932   39.89   224      48093     33262       299.7
TRAIN_308        85         2044286   128997  39.55   55       9972      1612        269.5
TRAIN_309        117        2103774   137183  39.58   80       15977     4910        342.0
TRAIN_310        204        2132973   112583  39.69   160      35099     26429       255.9
TRAIN_311        133        2175244   141013  39.60   94       18723     7652        221.7
TRAIN_312        236        2190289   69286   39.47   183      31158     4493        228.2
TRAIN_315        398        2146222   67489   39.82   331      68468     43618       305.1
TRAIN_318        302        2094533   74473   39.86   249      55700     39536       300.7
TRAIN_320        291        2121217   58854   39.89   234      49617     29942       275.0
TRAIN_321        152        2093198   114872  39.52   113      18006     2926        283.4
TRAIN_322        432        2187387   66282   39.61   347      90469     93181       328.6
TRAIN_323        136        2192234   79767   39.48   89       17111     3944        259.0
TRAIN_324        185        2097736   294206  39.70   163      35029     28957       241.6
TRAIN_325        107        2085673   104959  39.55   73       13298     1503        256.1
TRAIN_327        115        2190087   95787   39.49   71       12829     2188        315.1
TRAIN_328        228        2124924   65567   39.62   175      33091     14540       309.1
TRAIN_329        183        2091133   70944   39.61   132      26940     12053       339.9
TRAIN_330        221        2067242   65274   39.75   172      35127     15363       324.5
TRAIN_331        158        2087714   101515  39.55   121      20762     4244        291.4
TRAIN_333        107        2059568   111086  39.55   77       16539     8855        309.4
TRAIN_334        155        2093106   115967  39.54   112      20453     5057        304.4
TRAIN_335        181        2054788   76679   39.70   132      24031     2671        332.4
TRAIN_BR-19-60   156        2138847   94209   39.54   112      21363     8920        272.8
TRAIN_BR-19-76   285        2199197   91361   39.59   238      53042     40635       250.6
TRAIN_CJ-19-40   215        2043496   74598   39.63   176      37259     23813       424.2
TRAIN_CY-18-10   150        2021804   73769   39.65   114      22839     12047       404.8
TRAIN_CY-18-13   247        2072869   58852   39.73   195      38880     20326       407.1
TRAIN_CY-18-53   335        2114918   61571   39.90   278      61189     44835       387.6
TRAIN_DE-18-43   241        2082501   72381   39.84   194      40425     27721       221.1
TRAIN_DE-18-50   129        2045818   119035  39.56   98       18460     7876        362.4
TRAIN_DE-19-05   173        2116626   112728  39.59   131      22567     3971        265.6
TRAIN_DE-19-46   196        2165118   83471   39.63   157      30852     13972       412.1
TRAIN_GF-19-19   301        2173077   79784   39.59   249      54608     41259       329.2
TRAIN_GF-19-49   213        2081328   57438   39.70   158      31323     12910       327.1
TRAIN_GF-19-50   197        2156183   92061   39.65   151      29992     16402       341.4
TRAIN_GF-19-70   534        2220887   68879   39.87   469      110577    95938       306.4
TRAIN_GX-18-04   202        2081656   66511   39.69   146      26817     7430        231.8
TRAIN_GX-18-07   237        2063671   58853   39.72   185      34161     12846       353.5
TRAIN_GX-18-18   371        2108407   59409   39.82   312      71131     57272       396.6
TRAIN_HB-18-61   197        2069043   58586   39.71   146      25996     5781        400.1
TRAIN_HB-18-66   302        2081103   59403   39.84   249      49951     29226       270.4
TRAIN_HB-19-15   181        2117348   96908   39.57   135      24068     5551        301.4
TRAIN_HB-19-92   400        2110840   68022   39.82   344      77540     60881       327.2
TRAIN_HN-18-37   287        2124668   58519   39.76   231      48419     34250       270.8
TRAIN_HN-19-15   743        2187632   59254   39.93   689      164263    147929      309.1
TRAIN_HX18S04    247        2090949   132302  39.56   221      48555     32249       300.3
TRAIN_HY-18-03   486        2135138   66163   40.38   436      100682    81307       280.6
TRAIN_HY-18-08   324        2092373   61629   39.80   274      59152     41000       261.0
TRAIN_HY-18-17   125        2047590   103014  39.59   93       17409     2851        237.9
TRAIN_HY-18-30   276        2139659   179534  39.80   247      54445     39178       330.4
TRAIN_LZ-18-12   250        2123038   70798   39.54   201      31801     5451        259.6
TRAIN_MY-19-13   167        2052974   103515  39.60   135      26642     8440        365.3
TRAIN_NX19S20    135        2135954   111885  39.62   97       17739     5727        251.7
TRAIN_SD-18-12   342        2236821   66772   39.70   277      50297     17494       289.5
TRAIN_SH-18-17   221        2053458   78712   39.63   183      40766     26797       487.0
TRAIN_SH-18-62   194        2056428   65265   39.69   144      27179     6064        312.2
TRAIN_SH-18-71   338        2087837   58519   39.75   279      61045     43603       287.0
TRAIN_SJ-18-15   241        2129349   92985   39.61   207      42231     25415       266.1
TRAIN_SJ-19-61   299        2111432   126739  39.78   264      58895     48778       328.8
TRAIN_TA-18-48   448        2153766   124588  39.71   419      104951    101021      364.8
TRAIN_TA-19-07   243        2065779   58587   39.74   188      36811     16543       313.5
TRAIN_TS-18-42   151        2133814   108684  39.54   108      21069     7605        312.1
TRAIN_TS-19-32   316        2106039   66311   39.80   260      55271     35093       388.2
TRAIN_TS-19-52   153        2172758   79564   39.56   104      18335     3659        286.6
TRAIN_TS-19-70   1252       2396680   58851   40.70   1169     325230    325019      323.9
TRAIN_TS-19-76   226        2062664   65255   39.74   172      33504     11050       329.7
TRAIN_WH-19-22   349        2238372   65083   39.57   282      59816     34022       272.2
TRAIN_X4         170        2060810   105251  39.65   131      21934     1378        280.1
TRAIN_X5         636        2188771   66245   39.64   577      146875    140826      275.1
TRAIN_X6         246        2171008   70432   39.67   177      30931     6771        372.9
TRAIN_X9         182        2052885   67730   39.68   128      24027     4214        300.3
TRAIN_X10        201        2230243   80536   39.41   156      27266     4888        217.3
TRAIN_X11        152        2066141   121330  39.63   117      20611     3186        244.0
TRAIN_X12        168        2144875   73034   39.57   128      23527     4447        253.6
TRAIN_X13        139        2177704   123714  39.53   103      16601     2144        251.2
TRAIN_X15        215        2059709   65274   39.67   163      27962     6808        306.8
TRAIN_X16        161        2054351   141946  39.62   132      24977     8454        300.1
TRAIN_X17        196        2055811   76766   39.68   149      25539     2346        305.8
TRAIN_X18        108        2132660   122097  39.59   77       14230     2474        268.9
TRAIN_X19        185        2076211   79073   39.72   137      23054     4863        353.9
TRAIN_X20        184        2153203   76866   39.47   120      21326     3532        300.2
TRAIN_X21        194        2106522   124291  39.53   156      27550     8291        295.2
TRAIN_X22        155        2052453   58125   39.70   107      18540     2932        248.9
TRAIN_X23        225        2043495   61458   39.77   164      29767     7696        294.5
TRAIN_X24        156        2037230   68051   39.76   110      18216     3094        295.9
TRAIN_X26        175        2084154   65460   39.53   111      22396     8570        330.1
TRAIN_X27        205        2094335   77139   39.71   152      24456     3850        295.2
TRAIN_X29        194        2031917   65687   39.72   140      25343     5001        363.3
TRAIN_X30        91         2070794   153651  39.62   64       12617     2470        364.5
TRAIN_X31        165        2080454   58884   39.52   102      20088     5163        294.8
TRAIN_X32        133        2051860   71764   39.69   91       16119     2725        333.5
TRAIN_X33        161        2061170   94566   39.57   127      23849     6633        615.0
TRAIN_X34        181        2056030   68051   39.68   130      22436     4182        359.1
TRAIN_X35        131        1986855   78721   39.75   94       17106     3388        374.8
TRAIN_X36        212        2181134   48158   39.52   143      24598     3398        265.8
TRAIN_X37        279        2046578   66282   39.75   226      46552     27297       351.4
TRAIN_X38        184        2179138   62313   39.52   120      19605     1677        294.4
TRAIN_X40        201        2067559   76730   39.76   152      29385     13733       290.1
TRAIN_X43        141        2068404   80999   39.69   96       16446     2433        273.7
TRAIN_X44        2321       2875345   56268   37.57   1793     570324    890023      348.9
TRAIN_X46        183        2095271   61498   39.71   131      24041     4082        373.4
TRAIN_X47        169        2126713   87875   39.47   130      22542     3418        320.8
TRAIN_X48        139        2094993   61590   39.67   92       16727     4447        269.4
TRAIN_X52        227        2067672   58851   39.71   173      33349     15145       358.9
TRAIN_X54        184        2044085   64733   39.65   130      25143     4271        307.5
TRAIN_X55        197        2201847   107913  39.63   154      27397     7447        314.8
TRAIN_X56        166        2214193   82300   39.49   119      21206     3204        362.7
TRAIN_X57        164        2074563   136350  39.62   132      21864     2883        290.1
TRAIN_X58        148        2106071   139071  39.74   117      23787     7250        326.7
TRAIN_X60        116        2053191   142113  39.58   91       16440     2549        355.8
TRAIN_X61        167        2058580   74932   39.74   117      23000     7212        371.5
TRAIN_X62        279        2224256   67947   39.68   217      39121     7796        278.1
TRAIN_X64        214        2086388   59017   39.66   158      27396     2676        287.7
TRAIN_X65        192        2055510   65053   39.71   140      23549     3847        310.2
TRAIN_X66        207        2145296   69142   39.61   153      28025     8523        302.1
TRAIN_X67        246        2132590   75047   39.63   194      35117     8461        292.2
TRAIN_X68        1667       2660183   108050  37.86   1413     434519    563312      321.1
TRAIN_X69        319        2070909   107586  39.51   285      69782     59652       275.0
TRAIN_X70        194        2044497   64733   39.63   144      24069     1822        385.9
TRAIN_X72        125        2014989   115226  39.63   90       15066     3524        363.3
TRAIN_X73        238        2073537   74434   39.76   191      38555     20161       300.8
TRAIN_X74        252        2185987   66683   39.61   190      35161     6427        291.6
TRAIN_X75        215        2060861   66281   39.79   168      33502     13411       309.6
TRAIN_X76        105        2077030   195920  39.62   77       12721     2144        308.2
TRAIN_X77        135        2073503   97432   39.61   102      17632     2345        346.5
TRAIN_X79        204        2112494   61555   39.69   150      25616     4023        303.2
TRAIN_X80        164        2039039   68418   39.79   120      20936     5081        312.3
TRAIN_X81        139        2094585   76742   39.76   95       16859     2670        280.5
TRAIN_X82        181        2098562   66282   39.70   132      23741     4245        306.5
TRAIN_X83        145        2053467   68070   39.68   99       18075     4117        294.5
TRAIN_X84        169        2053678   61628   39.70   118      19700     2768        244.0
TRAIN_X86        132        2094911   74932   39.77   83       14220     2073        278.0
TRAIN_X87        207        2055444   66513   39.69   153      26654     2285        283.2
TRAIN_X88        152        2093687   89301   39.76   106      19102     1850        281.0
TRAIN_X89        165        2103358   65374   39.72   105      20554     4627        349.9
TRAIN_X92        155        2050804   66282   39.68   109      19407     2758        368.5
TRAIN_X93        194        2127116   51843   39.61   128      26741     12099       308.9
TRAIN_X94        211        2061069   68358   39.77   158      28984     10360       267.8
TRAIN_X95        167        2133900   114684  39.53   127      20935     3437        247.2
TRAIN_X96        198        2054858   65255   39.71   143      24892     4200        273.7
TRAIN_X97        183        2055121   65274   39.69   132      22893     4084        264.1
TRAIN_X98        88         2068121   127965  39.56   56       9540      497         276.4
TRAIN_X99        169        2128425   116050  39.50   127      22450     5640        240.1
TRAIN_X100       132        2097616   133675  39.61   96       18144     3315        331.8
TRAIN_X101       241        2178209   66240   39.53   189      28833     2882        275.1
TRAIN_X102       202        2062277   74932   39.76   154      28713     9329        260.0
TRAIN_X103       237        2070282   61572   39.74   189      40004     19836       316.9
TRAIN_X104       210        2076635   57384   39.72   156      27334     4657        226.1
TRAIN_X105       230        2062914   67771   39.72   178      35115     18601       346.9
TRAIN_X106       338        2094063   58853   39.69   289      62386     40900       283.6
TRAIN_X107       279        2135569   63280   39.77   227      48840     27592       299.9
TRAIN_X108       209        2086315   72981   39.68   163      33689     19297       312.9
TRAIN_X109       178        2050831   67991   39.70   128      23276     7225        298.4
TRAIN_X111       191        2115201   58852   39.68   139      25686     6304        283.9
TRAIN_X112       174        2071444   68339   39.67   126      21126     2766        273.8
TRAIN_X113       170        2071462   70562   39.68   120      21422     3778        289.4
TRAIN_X114       184        2054234   64671   39.74   135      26943     9396        276.2
TRAIN_X115       187        2058039   66892   39.71   139      25071     6744        297.2
TRAIN_X116       185        2045220   66178   39.74   135      22278     1845        329.6
TRAIN_X117       184        2054639   74463   39.69   136      24805     5252        273.2
TRAIN_X118       226        2141330   65735   39.51   178      32690     9979        319.4
TRAIN_X119       247        2098879   58125   39.73   186      32665     7067        250.5
TRAIN_X120       151        2035872   66163   39.76   104      18333     2998        295.7
TRAIN_X121       201        2062244   68487   39.71   149      27717     10616       247.6
TRAIN_X122       226        2059242   66245   39.71   177      31044     10081       286.3
TRAIN_X123       346        2183349   66423   39.74   282      56665     33363       253.9
TRAIN_X124       334        2220880   80346   39.63   279      55965     34352       253.9
TRAIN_X131       187        2143162   69808   39.60   134      25816     6128        323.7
TRAIN_X132       179        2051748   66245   39.70   129      21955     2575        302.2
TRAIN_X133       201        2202415   125002  39.58   162      33750     17993       295.8
TRAIN_X134       171        2199079   125264  39.60   131      28300     16633       303.5
TRAIN_X135       164        2093799   134877  39.67   137      28695     14683       291.8
TRAIN_X136       200        2106089   68442   39.78   149      28812     11833       223.4
TRAIN_X140       177        2127087   114693  39.52   131      23424     6957        275.5
TRAIN_X142       139        2085431   120603  39.69   100      19888     7046        326.0
TRAIN_X143       321        2243747   68662   39.25   191      37899     150471      266.9
TRAIN_X144       193        2055923   61038   39.70   140      25055     5550        350.4
TRAIN_X145       189        2121114   106394  39.68   151      27509     9126        305.6
TRAIN_X148       169        2070173   74338   39.67   120      20739     2697        282.0
TRAIN_X150       205        2022146   118965  39.81   167      37295     25532       342.3
TRAIN_X151       202        2127525   87875   39.63   153      28489     9635        319.4
TRAIN_X152       226        2127348   128680  39.70   190      36177     15039       293.5
TRAIN_X153       161        2172037   79505   39.55   110      19729     5148        294.6
TRAIN_X154       114        2061455   142023  39.57   83       15640     3106        319.2
TRAIN_X155       819        2292887   89160   39.21   740      212900    222920      272.4
TRAIN_X156       214        2210993   64748   39.49   153      30178     9365        281.4
TRAIN_X157       219        2105089   97663   39.59   183      38006     23048       293.7
TRAIN_X158       194        2096090   98748   39.64   161      35180     20061       296.5
TRAIN_X159       126        2090444   155595  39.61   95       16801     4510        308.8
TRAIN_X160       241        2188580   145207  39.66   193      43750     32712       276.3
TRAIN_X161       154        2129749   69428   39.57   97       18921     7457        270.8
TRAIN_X162       183        2099900   65946   39.56   123      25802     13511       362.3
TRAIN_X163       133        2020082   106430  39.75   97       19369     9837        398.9
TRAIN_X164       132        2057389   129739  39.59   93       16146     2330        294.8
TRAIN_X168       242        2104097   84880   39.56   193      29148     1136        297.3
TRAIN_X169       115        2085820   97874   39.52   75       11472     1612        289.3
TRAIN_X170       350        2172253   124782  39.68   307      74729     67621       315.4
TRAIN_X171       176        2051212   76729   39.77   127      25149     10289       342.8
TRAIN_X174       188        2055373   64630   39.69   135      23609     2503        324.9
TRAIN_X176       287        2112596   80333   39.60   232      37388     6810        322.7
TRAIN_X177       241        2071280   65255   39.71   192      38616     19756       317.9
TRAIN_X181       153        2051875   106707  39.60   117      21358     4311        299.1
TRAIN_X183       699        2281007   114684  41.44   638      165359    156012      246.7
TRAIN_X186       186        2048058   198003  39.67   158      33915     22383       289.0
TRAIN_X187       206        2181351   91238   39.55   153      28778     13263       349.2
TRAIN_X191       161        2119271   107814  39.61   124      19998     3006        320.6
TRAIN_X192       136        2049324   157477  39.61   110      19406     3721        320.4
TRAIN_X193       211        2135545   140812  39.95   182      42558     32631       373.7
TRAIN_X194       166        2020018   60315   39.77   113      20018     3399        347.8
TRAIN_X195       189        2133713   115963  39.51   145      26877     11085       255.7
TRAIN_X196       222        2223198   72565   39.55   159      27994     2055        284.4
TRAIN_X198       245        2099207   106499  39.66   200      40609     26938       241.6
TRAIN_X199       171        2059699   137714  39.71   143      28036     11783       307.4
TRAIN_X202       276        2272206   38040   39.27   127      22791     43316       291.0
TRAIN_X203       275        2142372   98381   39.68   230      41581     12529       323.1
TRAIN_X205       1041       2299309   79732   41.15   972      243532    240052      277.6
TRAIN_X206       490        2154159   62337   40.17   437      104181    91428       280.1
TRAIN_X207       227        2081167   74958   39.71   184      40515     30366       246.1
TRAIN_X210       170        2164157   86672   39.57   126      20444     3327        308.8
TRAIN_X211       147        2162130   88068   39.57   107      17377     2289        298.7
TRAIN_X212       208        2090674   106499  39.66   165      31982     17307       266.8
TRAIN_X213       176        2066415   74958   39.68   139      28315     15444       274.4
TRAIN_X215       220        2082657   66163   39.80   171      29977     11316       315.1
TRAIN_X216       162        2044158   71737   39.75   114      20149     4827        322.8
TRAIN_X217       165        2075723   76730   39.69   115      23039     6757        326.2
TRAIN_X219       352        2189606   92850   39.38   269      73176     92478       281.6
TRAIN_X220       1545       2552009   61325   41.76   1441     381656    395842      261.4
TRAIN_X221       1701       2547573   133285  42.09   1617     431558    465498      245.5
TRAIN_X222       1030       2303487   74932   41.15   962      250025    254538      290.9
TRAIN_X223       160        2054154   74932   39.69   113      21687     4500        242.2
TRAIN_X225       150        2163340   82237   39.55   106      19437     3417        248.7
TRAIN_X228       220        2067710   68404   39.66   169      34111     16974       271.5
TRAIN_X229       228        2091584   103964  39.59   185      35271     15545       279.1
TRAIN_X230       1440       2467997   58822   41.50   1288     346034    403184      375.9
TRAIN_X231       1013       2376325   82733   40.80   911      236671    255295      339.6
TRAIN_X232       165        2185065   123285  39.62   130      23493     3413        341.2
TRAIN_X233       1262       2407529   58775   41.38   1133     302285    341642      263.1
TRAIN_X234       1374       2466582   74932   41.74   1227     339898    407296      241.6
TRAIN_X235       1276       2421731   56331   41.58   1143     316336    356327      251.7
TRAIN_X236       158        2056202   68460   39.75   113      18949     2694        254.9
TRAIN_X237       619        2227153   86634   40.43   534      141086    152802      285.0
TRAIN_X238       805        2338874   86672   40.70   703      192100    216059      262.9
TRAIN_X239       145        2055341   94202   39.70   99       18271     5093        248.3
TRAIN_X240       1194       2463880   61191   41.05   1058     280973    312450      245.9
TRAIN_X241       686        2234681   57432   40.55   595      154530    160170      273.6
TRAIN_X242       225        2167636   73155   39.69   177      35738     12729       304.4
TRAIN_X243       926        2368520   89818   42.39   844      232958    224068      303.9
TRAIN_X244       149        2043116   70648   39.76   102      18271     2204        304.1
TRAIN_X245       866        2300271   54880   40.76   768      200249    225900      306.4
TRAIN_X246       124        2069066   96287   39.69   85       14017     2098        248.3
TRAIN_X247       240        2073366   66064   39.80   190      38345     21309       304.6
TRAIN_X248       1109       2368230   80134   40.89   1008     257327    277246      298.5
TRAIN_X251       165        2053589   62636   39.69   118      17764     598         304.1
TRAIN_X252       859        2272628   87344   40.80   769      206944    228632      263.9
TRAIN_X253       132        2058390   81580   39.60   80       15653     3430        303.3
TRAIN_X255       954        2324025   57434   40.79   854      228265    248576      317.5
TRAIN_X257       797        2355317   63130   40.81   665      173689    206914      265.5
TRAIN_X258       239        2107353   75950   39.74   189      33549     10367       352.2
TRAIN_X259       162        2054043   61417   39.70   112      18911     3034        297.9
TRAIN_X260       131        2072399   73898   39.52   77       15617     4204        289.8
TRAIN_X261       783        2268602   140933  40.68   699      183581    214639      305.6
TRAIN_X262       165        2053765   76730   39.70   119      20335     2934        264.1
TRAIN_X263       1355       2476543   54881   41.52   1217     323674    370717      262.6
TRAIN_X264       890        2272926   66245   40.83   802      210950    222416      334.4
TRAIN_X265       1000       2471237   13018   39.25   604      112714    2436        248.5
TRAIN_X269       1221       2443725   55106   39.42   971      290421    408440      305.6
TRAIN_X271       163        2106665   85998   39.60   110      20151     4533        365.6
TRAIN_X272       193        2157595   98564   39.52   153      32745     18981       336.2
TRAIN_X275       179        2053487   66245   39.68   131      22449     4004        305.4
TRAIN_X276       145        2092965   74434   39.71   100      18534     3238        303.9
TRAIN_X277       156        2097997   65086   39.72   106      19980     6113        357.7
TRAIN_X278       233        2053310   74932   39.82   184      41669     29392       367.4
TRAIN_X280       203        2120103   85998   39.58   149      31287     19729       361.0
TRAIN_X282       136        2089730   97873   39.49   98       17266     4474        249.3
TRAIN_X284       180        2097192   66456   39.72   129      21847     5169        228.6
TRAIN_X285       188        2118385   74932   39.67   140      27839     14299       191.4
TRAIN_X286       151        2115341   109722  39.59   107      17640     4173        267.1
TRAIN_X289       181        2057139   68075   39.69   126      23528     7071        369.3
TRAIN_X291       177        2055995   66245   39.71   130      23024     5847        272.3
TRAIN_X292       179        2051768   58822   39.69   125      21648     1384        274.3
TRAIN_X293       166        2055037   68459   39.76   117      19765     2192        220.6
TRAIN_X294       84         2090114   314232  39.55   61       13284     7118        330.2
TRAIN_X296       299        2096094   87216   39.64   252      61642     48590       366.5
TRAIN_X297       255        2094703   106661  39.49   201      50739     48235       276.5
TRAIN_X298       132        2089125   116502  39.51   91       14203     969         230.0
TRAIN_X300       133        2104019   118746  39.57   90       15401     2385        375.6
TRAIN_X301       137        2158490   116679  39.58   103      17515     2973        338.3
TRAIN_X303       200        2121099   129158  39.71   165      34941     22119       235.7
TRAIN_X304       214        2182729   69239   39.45   159      26409     3228        229.1
TRAIN_X306       216        2297756   75230   39.27   115      26671     95306       338.6
TRAIN_X307       1012       2474791   92893   39.32   825      243174    329514      260.7
TRAIN_X308       172        2053482   90700   39.68   125      21020     3194        406.3
TRAIN_X310       213        2082469   66131   39.65   165      32283     10795       234.9
TRAIN_X311       2145       3568428   18245   39.38   938      294431    1512897     331.6
TRAIN_X313       142        2099999   309953  39.56   114      24521     15561       253.3
TRAIN_X314       176        2151643   119795  39.60   137      21941     2065        258.7
TRAIN_X319       166        2055191   74932   39.69   109      19067     2783        327.9
TRAIN_X320       222        2062090   58852   39.71   170      32870     12233       304.4
TRAIN_X321       200        2052058   68584   39.69   146      25149     1752        233.9
TRAIN_X322       169        2054077   94728   39.77   124      20160     3701        225.9
TRAIN_X323       130        2104370   129946  39.52   103      19581     7547        252.4
TRAIN_X324       186        2094505   64031   39.58   129      29530     18128       250.0
TRAIN_X328       141        2055505   158229  39.59   116      23465     8544        398.9
TRAIN_X330       130        2079859   68675   39.55   78       16776     5193        264.1
TRAIN_X331       392        2162312   97873   39.42   325      79454     73768       338.6
TRAIN_X333       105        2093892   314112  39.57   76       16285     11143       311.7
TRAIN_X337       203        2054297   94282   39.72   153      27657     9988        279.6
TRAIN_X338       170        2184012   68800   39.53   111      20146     1027        257.7
TRAIN_X339       1765       2632880   53930   40.35   1482     453782    580820      260.7
TRAIN_X340       4003       3044143   4088    39.65   3171     602731    221253      263.7
TRAIN_X342       268        2141487   268289  39.50   225      57894     63690       327.8
TRAIN_X343       3699       3630074   43495   47.32   2669     875871    1583229     306.7
TRAIN_X344       108        2102703   103619  39.48   74       13127     1127        281.7
TRAIN_X345       3714       3718693   29138   47.12   2628     855528    1566867     287.7
TRAIN_X346       3553       3469652   29265   47.13   2634     850329    1435299     296.4
TRAIN_X350       3713       3635723   19187   47.35   2702     873164    1532431     216.9
TRAIN_X351       3132       3367031   48848   46.06   2400     769988    1220047     216.2
TRAIN_X352       2367       2902786   81130   44.88   1948     609868    837862      405.4
TRAIN_X353       3838       3760043   22446   46.73   2722     892711    1666227     202.5
TRAIN_X355       3341       3478774   35056   46.67   2430     786611    1375669     247.0
TRAIN_X356       184        2160167   69961   39.59   132      24269     1812        236.4
TRAIN_X357       366        2082952   80916   39.71   311      77910     65069       328.2
TRAIN_X358       178        2019920   66466   39.76   131      23078     1872        283.4
TRAIN_X361       204        2114169   96654   39.66   160      29456     8341        283.4
TRAIN_X362       149        2019437   110883  39.73   108      18747     2621        333.3
TRAIN_X363       189        2055514   61570   39.69   138      21763     2112        306.9
TRAIN_X365       3685       3636305   22875   47.24   2661     867722    1545865     239.0
TRAIN_X366       3190       3409142   37633   46.38   2342     758844    1284905     276.9
TRAIN_X367       3809       3574098   24458   47.15   2840     919221    1555687     255.4
TRAIN_X368       3408       3458246   37586   46.58   2563     822699    1356835     255.8
TRAIN_X369       3435       3521362   52061   46.77   2512     813351    1416733     283.0
TRAIN_X370       3226       3330923   33395   46.68   2403     770998    1293749     223.1
TRAIN_X371       3632       3682814   56330   46.95   2640     853522    1522978     278.7
TRAIN_X372       3433       3532189   53422   46.80   2548     837818    1415368     205.2
TRAIN_X373       3482       3558077   24043   47.58   2392     784280    1520202     252.7
TRAIN_X374       3082       3178518   33395   46.25   2430     781582    1159629     226.7
TRAIN_X376       2976       3210812   65479   45.99   2316     732418    1139826     221.1
TRAIN_X378       3227       3335144   58798   46.18   2510     788224    1236732     226.5
TRAIN_X379       3353       3482517   31230   46.90   2360     764011    1418829     278.3
TRAIN_X380       3648       3632292   24623   47.31   2544     837051    1564889     271.1
TRAIN_X381       173        2039897   80880   39.72   124      21508     2314        273.1
TRAIN_X382       3567       3690775   39864   46.95   2503     819681    1533638     201.9
TRAIN_X383       3253       3396022   47130   46.34   2496     808133    1282939     236.0
TRAIN_X384       3406       3370522   35894   46.68   2603     835474    1329406     262.7
TRAIN_X386       3199       3323391   33844   46.36   2418     776192    1259929     224.8
TRAIN_X387       3301       3422606   48987   46.39   2473     796092    1319463     220.3
TRAIN_X391       3679       3728174   36325   47.02   2631     845659    1550977     230.3
TRAIN_X392       3691       3596332   22439   47.38   2631     862038    1545301     245.9
TRAIN_X394       3569       3560303   28392   47.04   2584     837603    1461679     238.8
TRAIN_X395       145        2059630   79439   39.56   94       15318     1981        286.1
TRAIN_X396       8406       4602934   496     41.76   8057     2307594   2485437     1.5
TRAIN_X397       10233      6056911   672     43.51   8411     2523898   3856959     1.6
TRAIN_X398       162        2053792   119211  39.76   119      21016     2143        257.6
TRAIN_X400       156        2087134   139816  39.58   119      20149     1883        273.9
TRAIN_X401       7898       4738485   648     42.31   7054     2095294   2623585     1.6
TRAIN_X402       10695      5079144   370     43.89   10402    2876064   3030967     1.2
TRAIN_X403       157        2138119   80684   39.47   114      20457     2609        291.5
TRAIN_X404       7722       4327852   637     42.70   7474     2088880   2196898     1.9
TRAIN_X405       9582       5273210   521     44.81   8594     2567535   3205353     1.3
TRAIN_X406       9267       5269290   572     41.16   8173     2438758   3164627     1.4
TRAIN_X407       10157      5485700   510     42.46   9040     2709596   3437739     1.4
TRAIN_X408       9072       4824500   466     42.06   8637     2485643   2738309     1.4
TRAIN_X411       8246       4570389   512     42.69   7899     2269952   2468318     1.5
TRAIN_X412       201        2049864   66163   39.69   154      29388     10143       372.7
TRAIN_X413       96         2125557   132126  39.58   65       11930     1205        305.7
TRAIN_X415       167        2099331   113125  39.60   135      22150     3749        400.9
TRAIN_X416       951        2385678   88123   43.11   857      245582    266369      322.8
TRAIN_X417       8186       4504553   518     42.00   7768     2221283   2463115     1.5
TRAIN_X418       8236       4391096   462     42.88   7997     2250923   2361586     1.5
TRAIN_X419       9307       5114333   523     41.35   8548     2499827   2974842     1.4
TRAIN_X420       9673       5406222   551     42.36   8493     2546793   3352885     1.4
TRAIN_X421       9180       4910485   479     44.32   8670     2502160   2808902     1.4
TRAIN_X422       7954       4541142   649     43.31   7544     2134989   2387121     1.7
TRAIN_X423       136        2154071   88346   39.61   88       14535     1788        265.1
TRAIN_X425       8738       4684031   485     42.36   8309     2367464   2603867     1.5
TRAIN_X427       10315      5186595   433     44.10   9769     2784353   3094379     1.3
TRAIN_X428       6751       4062896   14797   42.04   6528     1835954   1936778     201.3
TRAIN_X429       5557       3821083   35005   41.86   5356     1486907   1584412     194.4
TRAIN_X433       5598       3832776   34216   41.28   5319     1507931   1662522     195.5
TRAIN_X437       175        2058102   71680   39.75   128      23276     6401        274.7
TRAIN_X438       203        2120954   132527  39.72   170      32915     17458       328.3
TRAIN_X440       147        2022221   86025   39.66   111      21729     10523       354.2
TRAIN_X441       223        2173091   55058   39.54   156      28512     4751        321.8
TRAIN_XiJ-19-56  208        2057368   66245   39.70   156      28860     8084        330.8
TRAIN_cq08004    362        2048218   39227   39.70   287      35019     1071        97.0
TRAIN_cq08010    292        2028252   48687   39.78   228      28294     851         100.8
TRAIN_cq08015    339        2047713   40197   39.72   266      31425     2123        95.3
TRAIN_cq08016    350        2051760   40887   39.76   273      34938     4115        81.6
TRAIN_cq08018    353        2049249   39131   39.77   280      34648     1287        103.0
TRAIN_cq09005    426        2123560   57598   39.50   359      39239     3168        99.7
TRAIN_ebj28      403        2057793   44805   39.73   325      41510     9373        105.0
TRAIN_gz08010    343        2107829   63202   39.61   274      31182     3494        61.2
TRAIN_njspn003   306        2055625   80330   39.60   252      30173     2545        71.6
TRAIN_njspn004   434        2103007   97435   39.66   387      60950     36827       81.3
TRAIN_sy9        374        2050841   38265   39.70   292      36831     1504        87.1
TRAIN_sy14       368        2050500   48687   39.76   293      35605     210         86.3
TRAIN_sy19       282        2091438   81924   39.46   223      26187     3502        72.8
TRAIN_sy20       355        2088557   39131   39.71   279      33081     1300        72.6
TRAIN_sy27       324        2053462   50767   39.76   253      30294     1334        71.6
TRAIN_sy28       338        2052837   53874   39.78   271      32299     4914        76.9
TRAIN_sy10018    395        2093438   53592   39.72   321      36068     588         78.9
TRAIN_wh9        333        2047223   39227   39.70   261      30830     1228        80.3
TRAIN_wh11       331        2049847   53528   39.71   261      31430     3396        75.2
TRAIN_wh17       324        2147335   60979   39.51   257      30773     1528        75.2
TRAIN_wh10013    437        2160871   65429   39.64   363      40622     2531        77.3
TRAIN_wh10018    403        2092649   35227   39.73   321      37810     1068        72.7

完成株数：50 / 50
提示：肺炎链球菌约 2.0–2.2 Mb，GC 约 39.7%；总长 >2.4 Mb 或 GC 明显偏高提示混菌/污染
