用于聚类的可变 k-mer：114,093（存在率 1%–99%）
株间 Jaccard 距离：中位数 0.405，5%/25%/75%/95% 分位 [0.094, 0.389, 0.418, 0.435]
同 ST 株间距离：中位数 0.037，95% 分位 0.097
不同 ST 株间距离：中位数 0.406，5% 分位 0.301
271/320 株间距离：中位数 0.069，最大 0.178

阈值扫描：
 threshold  n_clusters  n_singleton_clusters  largest_cluster_n  largest_cluster_frac  ST_split_across_clusters  CC271_in_one_cluster  clusters_mixing_origin
    0.0033         732                   641                 19                 0.020                       100                 False                       0
    0.0046         657                   560                 46                 0.050                        95                 False                       1
    0.0094         559                   452                 72                 0.078                        87                 False                       1
    0.0206         482                   355                 88                 0.095                        80                 False                       3
    0.0369         398                   261                 95                 0.102                        71                 False                       3
    0.0517         318                   188                112                 0.121                        62                 False                       3
    0.0749         247                   136                143                 0.154                        36                 False                       4
    0.0935         212                   109                166                 0.179                        22                 False                       5
    0.1117         183                    87                223                 0.241                        11                  True                       6
    0.2363         123                    45                233                 0.251                         0                  True                      11
    0.3518          66                    11                233                 0.251                         0                  True                      15
    0.3673          40                     4                233                 0.251                         0                  True                      16
    0.3757          24                     1                233                 0.251                         0                  True                      12
    0.3836          15                     0                233                 0.251                         0                  True                      10
    0.3888          10                     0                233                 0.251                         0                  True                       9
    0.3931           9                     0                306                 0.330                         0                  True                       8
    0.3995           5                     0                324                 0.350                         0                  True                       5
    0.4049           4                     0                574                 0.619                         0                  True                       4

推荐阈值：0.2363（列 lin_0.2363）

推荐阈值下最大的 15 个簇：
 cluster   n  n_domestic  n_GPS                                                top_ST                      top_serotype  PEN_NS%  CRO_NS%  ERY_NS%  SXT_NS%
     103 233         232      1 271(139); 320(61); 236(10); 1464(8); 1937(6); 7962(3) 19F(141); 19A(63); NVT(4); 15B(4)    100.0     61.8     99.6     94.4
       6  62           0     62                    53(59); 15187(1); 3559(1); 4338(1)                             8(62)      3.2      0.0      1.6      1.6
      15  55          26     29                  180(30); 505(19); 15272(3); 12449(3)     3(30); 19F(14); 6B(2); 15A(2)     47.3      3.6     43.6      5.5
      78  48          43      5    876(41); 200(2); 4749(1); 416(1); 2220(1); 3017(1)     14(31); 19A(5); 13(3); 15B(3)     89.6     12.5     89.6     22.9
      79  25          24      1                        81(22); 9792(1); 189(1); 83(1)   23F(14); 28F(3); 23B(3); 28A(1)    100.0      8.0    100.0    100.0
      61  22          11     11             166(9); 162(8); 143(2); 3811(2); 17861(1)     11A(6); 24F(5); 15A(3); 9V(2)     54.5      4.5     59.1     63.6
      88  21           0     21                                     433(20); 17272(1)                           22F(21)      0.0      0.0      0.0      0.0
      80  19           0     19               66(12); 834(4); 13708(1); 517(1); 70(1)                     9N(18); 13(1)      0.0      0.0      0.0      0.0
     107  18          18      0                 13646(13); 6325(2); 2624(2); 13393(1)    23F(14); 19F(2); 14(1); 23B(1)    100.0      0.0    100.0    100.0
       3  18          18      0                  2912(8); 13025(4); 8738(3); 10392(3)      19F(5); 6A(2); 6B(2); 23B(1)    100.0      5.6    100.0    100.0
      45  17          17      0  2754(8); 3263(5); 9063(1); 5196(1); 9821(1); 7752(1)      6A(3); 9V(2); 28F(2); 23F(2)    100.0      5.9     94.1    100.0
      81  17           0     17     439(4); 438(3); 42(3); 9579(2); 11191(1); 4726(1)                   23A(11); 23B(6)      5.9      0.0      0.0      5.9
     115  15          15      0                                90(10); 6339(4); 96(1)     23F(2); 6B(2); 19A(2); 19F(1)    100.0      6.7    100.0     93.3
      77  13          12      1                      230(5); 9396(4); 6227(3); 700(1)     28A(4); 23F(4); 19A(1); 6A(1)    100.0      0.0     92.3    100.0
       4  12           7      5                      2248(5); 63(5); 4652(1); 4593(1)             14(7); 15A(4); 15C(1)    100.0      0.0    100.0     58.3

完成。输出目录：/Users/chunjiang/Documents/20260930_SPN_ML/02_lineage
